10 10
0.033 0.330 0.691 0.422 0.206 0.250 0.637 0.864 0.302 0.025 
0.365 0.765 0.318 0.136 0.107 0.761 0.082 0.551 0.565 0.743 
0.982 0.219 0.454 0.519 0.574 0.555 0.729 0.629 0.796 0.584 
0.275 0.830 0.914 0.965 0.252 0.120 0.216 0.889 0.984 0.517 
0.914 0.349 0.283 0.231 0.484 0.389 0.992 0.566 0.940 0.557 
0.309 0.922 0.776 0.764 0.441 0.349 0.319 0.169 0.978 0.115 
0.753 0.253 0.945 0.667 0.218 0.197 0.787 0.434 0.085 0.770 
0.951 0.999 0.119 0.234 0.230 0.603 0.623 0.222 0.169 0.563 
0.779 0.478 0.485 0.555 0.242 0.926 0.904 0.561 0.095 0.883 
0.676 0.848 0.136 0.620 0.515 0.354 0.817 0.301 0.788 0.902 
