10 10
0.564 1.276 1.635 0.940 0.754 0.933 1.628 1.594 1.498 0.973 
1.441 2.795 2.016 1.627 1.588 2.588 2.661 2.816 2.239 1.850 
2.401 2.374 2.508 2.275 2.463 1.737 2.047 2.826 3.572 2.398 
1.967 2.654 2.520 2.613 2.016 2.268 2.595 3.726 3.560 2.257 
2.396 3.076 3.440 2.575 1.922 1.573 2.610 3.122 3.111 2.018 
1.950 2.718 2.473 2.800 2.074 2.251 2.449 2.603 2.904 1.304 
2.746 3.308 3.328 2.189 1.597 1.676 2.202 2.299 1.582 1.391 
2.475 3.336 2.518 1.839 1.646 2.646 3.209 1.896 1.883 1.757 
3.127 2.680 1.979 1.712 2.117 2.998 2.708 2.198 1.992 2.468 
1.776 1.818 1.268 1.360 1.718 2.067 2.142 1.117 1.849 1.687 
